
Замір швидкості для типу int (матриця 4x4)

1. створення квадратної матриці розміром 4x4:
[
      0     1     2     3
      1     2     3     4
      2     3     4     5
      3     4     5     6
]
2. створення вектору розміром 4:
[      0     1     2     3 ]
3. перемноження квадратної матриці на вектор:
[     14    20    26    32 ]

4. перемноження вектора на квадратну матрицю:
[     14    20    26    32 ]


Замір швидкості для типу float (матриця 4x4)

1. створення квадратної матриці розміром 4x4:
[
      0     1     2     3
      1     2     3     4
      2     3     4     5
      3     4     5     6
]
2. створення вектору розміром 4:
[      0     1     2     3 ]
3. перемноження квадратної матриці на вектор:
[     14    20    26    32 ]

4. перемноження вектора на квадратну матрицю:
[     14    20    26    32 ]


Замір швидкості для типу double (матриця 4x4)

1. створення квадратної матриці розміром 4x4:
[
      0     1     2     3
      1     2     3     4
      2     3     4     5
      3     4     5     6
]
2. створення вектору розміром 4:
[      0     1     2     3 ]
3. перемноження квадратної матриці на вектор:
[     14    20    26    32 ]

4. перемноження вектора на квадратну матрицю:
[     14    20    26    32 ]


Замір швидкості для типу int (матриця 8x8)

1. створення квадратної матриці розміром 8x8:
[
      0     1     2     3     4     5     6     7
      1     2     3     4     5     6     7     8
      2     3     4     5     6     7     8     9
      3     4     5     6     7     8     9     0
      4     5     6     7     8     9     0     1
      5     6     7     8     9     0     1     2
      6     7     8     9     0     1     2     3
      7     8     9     0     1     2     3     4
]
2. створення вектору розміром 8:
[      0     1     2     3     4     5     6     7 ]
3. перемноження квадратної матриці на вектор:
[    140   168   196   154   122   100    88    86 ]

4. перемноження вектора на квадратну матрицю:
[    140   168   196   154   122   100    88    86 ]


Замір швидкості для типу float (матриця 8x8)

1. створення квадратної матриці розміром 8x8:
[
      0     1     2     3     4     5     6     7
      1     2     3     4     5     6     7     8
      2     3     4     5     6     7     8     9
      3     4     5     6     7     8     9     0
      4     5     6     7     8     9     0     1
      5     6     7     8     9     0     1     2
      6     7     8     9     0     1     2     3
      7     8     9     0     1     2     3     4
]
2. створення вектору розміром 8:
[      0     1     2     3     4     5     6     7 ]
3. перемноження квадратної матриці на вектор:
[    140   168   196   154   122   100    88    86 ]

4. перемноження вектора на квадратну матрицю:
[    140   168   196   154   122   100    88    86 ]


Замір швидкості для типу double (матриця 8x8)

1. створення квадратної матриці розміром 8x8:
[
      0     1     2     3     4     5     6     7
      1     2     3     4     5     6     7     8
      2     3     4     5     6     7     8     9
      3     4     5     6     7     8     9     0
      4     5     6     7     8     9     0     1
      5     6     7     8     9     0     1     2
      6     7     8     9     0     1     2     3
      7     8     9     0     1     2     3     4
]
2. створення вектору розміром 8:
[      0     1     2     3     4     5     6     7 ]
3. перемноження квадратної матриці на вектор:
[    140   168   196   154   122   100    88    86 ]

4. перемноження вектора на квадратну матрицю:
[    140   168   196   154   122   100    88    86 ]


Замір швидкості для типу int (матриця 16x16)

1. створення квадратної матриці розміром 16x16:
[
      0     1     2     3     4     5     6     7     8     9     0     1     2     3     4     5
      1     2     3     4     5     6     7     8     9     0     1     2     3     4     5     6
      2     3     4     5     6     7     8     9     0     1     2     3     4     5     6     7
      3     4     5     6     7     8     9     0     1     2     3     4     5     6     7     8
      4     5     6     7     8     9     0     1     2     3     4     5     6     7     8     9
      5     6     7     8     9     0     1     2     3     4     5     6     7     8     9     0
      6     7     8     9     0     1     2     3     4     5     6     7     8     9     0     1
      7     8     9     0     1     2     3     4     5     6     7     8     9     0     1     2
      8     9     0     1     2     3     4     5     6     7     8     9     0     1     2     3
      9     0     1     2     3     4     5     6     7     8     9     0     1     2     3     4
      0     1     2     3     4     5     6     7     8     9     0     1     2     3     4     5
      1     2     3     4     5     6     7     8     9     0     1     2     3     4     5     6
      2     3     4     5     6     7     8     9     0     1     2     3     4     5     6     7
      3     4     5     6     7     8     9     0     1     2     3     4     5     6     7     8
      4     5     6     7     8     9     0     1     2     3     4     5     6     7     8     9
      5     6     7     8     9     0     1     2     3     4     5     6     7     8     9     0
]
2. створення вектору розміром 16:
[      0     1     2     3     4     5     6     7     8     9    10    11    12    13    14    15 ]
3. перемноження квадратної матриці на вектор:
[    490   520   560   610   670   590   530   490   470   470   490   520   560   610   670   590 ]

4. перемноження вектора на квадратну матрицю:
[    490   520   560   610   670   590   530   490   470   470   490   520   560   610   670   590 ]


Замір швидкості для типу float (матриця 16x16)

1. створення квадратної матриці розміром 16x16:
[
      0     1     2     3     4     5     6     7     8     9     0     1     2     3     4     5
      1     2     3     4     5     6     7     8     9     0     1     2     3     4     5     6
      2     3     4     5     6     7     8     9     0     1     2     3     4     5     6     7
      3     4     5     6     7     8     9     0     1     2     3     4     5     6     7     8
      4     5     6     7     8     9     0     1     2     3     4     5     6     7     8     9
      5     6     7     8     9     0     1     2     3     4     5     6     7     8     9     0
      6     7     8     9     0     1     2     3     4     5     6     7     8     9     0     1
      7     8     9     0     1     2     3     4     5     6     7     8     9     0     1     2
      8     9     0     1     2     3     4     5     6     7     8     9     0     1     2     3
      9     0     1     2     3     4     5     6     7     8     9     0     1     2     3     4
      0     1     2     3     4     5     6     7     8     9     0     1     2     3     4     5
      1     2     3     4     5     6     7     8     9     0     1     2     3     4     5     6
      2     3     4     5     6     7     8     9     0     1     2     3     4     5     6     7
      3     4     5     6     7     8     9     0     1     2     3     4     5     6     7     8
      4     5     6     7     8     9     0     1     2     3     4     5     6     7     8     9
      5     6     7     8     9     0     1     2     3     4     5     6     7     8     9     0
]
2. створення вектору розміром 16:
[      0     1     2     3     4     5     6     7     8     9    10    11    12    13    14    15 ]
3. перемноження квадратної матриці на вектор:
[    490   520   560   610   670   590   530   490   470   470   490   520   560   610   670   590 ]

4. перемноження вектора на квадратну матрицю:
[    490   520   560   610   670   590   530   490   470   470   490   520   560   610   670   590 ]


Замір швидкості для типу double (матриця 16x16)

1. створення квадратної матриці розміром 16x16:
[
      0     1     2     3     4     5     6     7     8     9     0     1     2     3     4     5
      1     2     3     4     5     6     7     8     9     0     1     2     3     4     5     6
      2     3     4     5     6     7     8     9     0     1     2     3     4     5     6     7
      3     4     5     6     7     8     9     0     1     2     3     4     5     6     7     8
      4     5     6     7     8     9     0     1     2     3     4     5     6     7     8     9
      5     6     7     8     9     0     1     2     3     4     5     6     7     8     9     0
      6     7     8     9     0     1     2     3     4     5     6     7     8     9     0     1
      7     8     9     0     1     2     3     4     5     6     7     8     9     0     1     2
      8     9     0     1     2     3     4     5     6     7     8     9     0     1     2     3
      9     0     1     2     3     4     5     6     7     8     9     0     1     2     3     4
      0     1     2     3     4     5     6     7     8     9     0     1     2     3     4     5
      1     2     3     4     5     6     7     8     9     0     1     2     3     4     5     6
      2     3     4     5     6     7     8     9     0     1     2     3     4     5     6     7
      3     4     5     6     7     8     9     0     1     2     3     4     5     6     7     8
      4     5     6     7     8     9     0     1     2     3     4     5     6     7     8     9
      5     6     7     8     9     0     1     2     3     4     5     6     7     8     9     0
]
2. створення вектору розміром 16:
[      0     1     2     3     4     5     6     7     8     9    10    11    12    13    14    15 ]
3. перемноження квадратної матриці на вектор:
[    490   520   560   610   670   590   530   490   470   470   490   520   560   610   670   590 ]

4. перемноження вектора на квадратну матрицю:
[    490   520   560   610   670   590   530   490   470   470   490   520   560   610   670   590 ]

